charge	x	y
1.0	1.0	0.0
0.9979866764718844	0.9979866764718844	0.0634239196565645
0.9919548128307953	0.9919548128307953	0.12659245357374926
0.9819286972627067	0.9819286972627067	0.1892512443604102
0.9679487013963562	0.9679487013963562	0.2511479871810792
0.9500711177409453	0.9500711177409453	0.3120334456984871
0.9283679330160726	0.9283679330160726	0.3716624556603275
0.9029265382866212	0.9029265382866212	0.4297949120891717
0.8738493770697849	0.8738493770697849	0.4861967361004687
0.8412535328311812	0.8412535328311812	0.5406408174555976
0.8052702575310585	0.8052702575310585	0.5929079290546405
0.766044443118978	0.766044443118978	0.6427876096865394
0.7237340381050702	0.7237340381050702	0.6900790114821119
0.6785094115571322	0.6785094115571322	0.7345917086575333
0.6305526670845224	0.6305526670845224	0.7761464642917569
0.5800569095711982	0.5800569095711982	0.8145759520503357
0.5272254676105024	0.5272254676105024	0.8497254299495144
0.47227107477268254	0.47227107477268254	0.8814533634475821
0.41541501300188644	0.41541501300188644	0.9096319953545183
0.3568862215918719	0.3568862215918719	0.9341478602651067
0.2969203753282747	0.2969203753282747	0.954902241444074
0.23575893550942728	0.23575893550942728	0.9718115683235417
0.17364817766693022	0.17364817766693022	0.9848077530122081
0.11083819990101088	0.11083819990101088	0.9938384644612541
0.0475819158237424	0.0475819158237424	0.998867339183008
-0.01586596383480803	-0.01586596383480803	0.9998741276738751
-0.07924995685678854	-0.07924995685678854	0.9968547759519424
-0.14231483827328523	-0.14231483827328523	0.9898214418809327
-0.20480666806519096	-0.20480666806519096	0.9788024462147786
-0.2664738136900348	-0.2664738136900348	0.9638421585599422
-0.32706796331742166	-0.32706796331742166	0.9450008187146685
-0.3863451256931287	-0.3863451256931287	0.9223542941045814
-0.4440666126057741	-0.4440666126057741	0.8959937742913359
-0.5000000000000002	-0.5000000000000002	0.8660254037844385
-0.5539200638661106	-0.5539200638661106	0.8325698546347712
-0.6056096871376668	-0.6056096871376668	0.795761840530832
-0.654860733945285	-0.654860733945285	0.7557495743542583
-0.7014748877063214	-0.7014748877063214	0.7126941713788627
-0.7452644496757547	-0.7452644496757547	0.6667690005162917
-0.7860530947427875	-0.7860530947427875	0.6181589862206051
-0.8236765814298329	-0.8236765814298329	0.5670598638627704
-0.8579834132349771	-0.8579834132349771	0.5136773915734063
-0.8888354486549234	-0.8888354486549234	0.4582265217274105
-0.9161084574320696	-0.9161084574320696	0.4009305354066136
-0.9396926207859084	-0.9396926207859084	0.3420201433256685
-0.9594929736144974	-0.9594929736144974	0.28173255684142967
-0.9754297868854072	-0.9754297868854072	0.22031053278654036
-0.9874388886763944	-0.9874388886763944	0.15800139597334945
-0.9954719225730846	-0.9954719225730846	0.09505604330418288
-0.9994965423831851	-0.9994965423831851	0.031727933498067656
-0.9994965423831851	-0.9994965423831851	-0.03172793349806786
-0.9954719225730846	-0.9954719225730846	-0.09505604330418307
-0.9874388886763943	-0.9874388886763943	-0.15800139597335008
-0.975429786885407	-0.975429786885407	-0.22031053278654056
-0.9594929736144974	-0.9594929736144974	-0.28173255684142984
-0.9396926207859084	-0.9396926207859084	-0.34202014332566866
-0.9161084574320694	-0.9161084574320694	-0.4009305354066142
-0.8888354486549234	-0.8888354486549234	-0.4582265217274107
-0.8579834132349772	-0.8579834132349772	-0.5136773915734061
-0.8236765814298326	-0.8236765814298326	-0.567059863862771
-0.7860530947427874	-0.7860530947427874	-0.6181589862206053
-0.7452644496757546	-0.7452644496757546	-0.6667690005162918
-0.7014748877063213	-0.7014748877063213	-0.7126941713788629
-0.6548607339452845	-0.6548607339452845	-0.7557495743542587
-0.6056096871376666	-0.6056096871376666	-0.7957618405308321
-0.5539200638661105	-0.5539200638661105	-0.8325698546347713
-0.4999999999999996	-0.4999999999999996	-0.8660254037844388
-0.44406661260577396	-0.44406661260577396	-0.895993774291336
-0.38634512569312784	-0.38634512569312784	-0.9223542941045817
-0.3270679633174219	-0.3270679633174219	-0.9450008187146683
-0.26647381369003464	-0.26647381369003464	-0.9638421585599422
-0.20480666806519054	-0.20480666806519054	-0.9788024462147787
-0.14231483827328523	-0.14231483827328523	-0.9898214418809327
-0.0792499568567879	-0.0792499568567879	-0.9968547759519424
-0.01586596383480761	-0.01586596383480761	-0.9998741276738751
0.04758191582374238	0.04758191582374238	-0.998867339183008
0.11083819990101086	0.11083819990101086	-0.9938384644612541
0.17364817766692997	0.17364817766692997	-0.9848077530122081
0.23575893550942748	0.23575893550942748	-0.9718115683235417
0.2969203753282749	0.2969203753282749	-0.9549022414440739
0.3568862215918725	0.3568862215918725	-0.9341478602651064
0.4154150130018868	0.4154150130018868	-0.9096319953545182
0.4722710747726829	0.4722710747726829	-0.881453363447582
0.5272254676105024	0.5272254676105024	-0.8497254299495144
0.5800569095711979	0.5800569095711979	-0.8145759520503358
0.6305526670845228	0.6305526670845228	-0.7761464642917566
0.6785094115571323	0.6785094115571323	-0.7345917086575332
0.7237340381050708	0.7237340381050708	-0.6900790114821114
0.7660444431189785	0.7660444431189785	-0.6427876096865389
0.8052702575310587	0.8052702575310587	-0.5929079290546402
0.8412535328311812	0.8412535328311812	-0.5406408174555974
0.8738493770697849	0.8738493770697849	-0.4861967361004688
0.9029265382866214	0.9029265382866214	-0.42979491208917114
0.9283679330160727	0.9283679330160727	-0.37166245566032724
0.9500711177409457	0.9500711177409457	-0.31203344569848623
0.9679487013963562	0.9679487013963562	-0.2511479871810794
0.9819286972627066	0.9819286972627066	-0.18925124436041063
0.9919548128307953	0.9919548128307953	-0.12659245357374904
0.9979866764718844	0.9979866764718844	-0.06342391965656452
1.0	1.0	-2.4492935982947064e-16
